Algorithm: LSH
CLUSTER-1 {size: 3471, centroid: 0.000000 7.640000 7.760000 7.640000 7.550000 7.520000 7.530000 7.500000 7.495000 7.420000 7.400000 7.470000 7.450000 7.480000 7.470000 7.320000 7.330000 7.270000 7.380000 7.300000 7.320000 7.370000 7.410000 7.450000 7.340000 7.320000 7.380000 7.270000 7.300000 7.270000 7.270000 7.310000 7.400000 7.570000 7.650000 7.640000 7.610000 7.390000 7.500000 7.500000 7.380000 7.380000 7.480000 7.480000 7.480000 7.470000 7.200000 7.250000 7.470000 7.220000 7.190000 7.260000 7.210000 7.170000 7.090000 6.910000 7.060000 7.110000 7.060000 7.270000 7.100000 7.110000 7.110000 7.210000 7.320000 7.340000 7.450000 7.440000 7.180000 7.380000 7.710000 7.520000 7.350000 7.320000 7.340000 7.220000 7.200000 7.220000 7.420000 7.540000 7.990000 7.780000 7.860000 7.655000 7.540000 7.750000 7.610000 7.810000 7.830000 7.575000 7.890000 7.950000 7.960000 7.970000 7.900000 7.740000 7.850000 7.810000 7.660000 7.670000 7.730000 7.970000 7.690000 7.600000 7.460000 7.550000 7.650000 7.570000 7.500000 7.600000 7.810000 7.610000 7.640000 7.630000 7.584000 7.570000 7.680000 9.540000 9.940000 9.890000 }

CLUSTER-2 {size: 2899, centroid: 1.000000 3917.250000 3899.480000 3991.240000 4018.420000 4046.660000 4097.120000 4125.100000 4062.650000 4117.490000 4182.060000 4155.080000 4093.430000 4208.380000 4227.040000 4202.420000 4154.080000 4100.920000 4122.100000 3969.620000 3935.310000 3938.020000 3808.910000 3824.710000 3739.370000 3862.280000 3901.940000 3992.190000 3982.710000 3927.240000 3872.300000 3899.200000 3812.320000 3843.300000 3890.330000 3835.030000 3842.300000 3912.250000 3963.880000 4128.420000 4160.920000 4173.760000 4255.610000 4247.010000 4243.300000 4226.030000 4260.110000 4272.000000 4315.500000 4233.850000 4346.940000 4369.130000 4371.930000 4345.690000 4245.190000 4235.230000 4317.490000 4382.460000 4302.400000 4352.570000 4326.490000 4343.410000 4201.530000 4209.530000 4229.050000 4222.490000 4236.430000 4249.170000 4226.330000 4231.520000 4294.170000 4406.060000 4398.410000 4369.480000 4383.490000 4433.450000 4468.440000 4503.430000 4471.840000 4473.920000 4496.180000 4520.670000 4524.420000 4548.410000 4477.430000 4518.420000 4486.530000 4496.980000 4496.750000 4498.430000 4503.430000 4515.390000 4527.920000 4502.560000 4532.610000 4548.410000 4487.940000 4497.840000 4569.070000 4652.450000 4618.380000 4492.530000 4373.470000 4379.470000 4348.430000 4268.510000 4263.570000 4245.520000 4147.550000 4178.440000 4213.530000 4273.510000 4398.580000 4393.430000 4346.810000 4428.400000 4421.520000 4308.550000 4378.290000 4289.260000 }

CLUSTER-3 {size: 10, centroid: 2.000000 1848.740000 1860.430000 1863.210000 1857.450000 1877.090000 1890.830000 1895.960000 1891.580000 1889.890000 1890.360000 1891.000000 1842.120000 1812.990000 1843.520000 1831.610000 1809.200000 1802.610000 1851.600000 1850.640000 1867.780000 1862.930000 1874.280000 1876.340000 1858.250000 1890.210000 1876.990000 1870.520000 1843.130000 1866.010000 1872.300000 1918.500000 1921.820000 1929.150000 1946.180000 1940.700000 1950.220000 1945.460000 1976.240000 1992.100000 1999.220000 1994.890000 2002.010000 2016.910000 2033.210000 2025.090000 2024.060000 2028.500000 2024.590000 2021.370000 2027.990000 2032.770000 2042.070000 2049.000000 1906.800000 1849.620000 1854.170000 1873.950000 1860.840000 1855.720000 1812.970000 1810.000000 1801.540000 1818.200000 1813.020000 1815.510000 1793.480000 1789.910000 1807.060000 1813.000000 1852.080000 1850.820000 1842.890000 1842.450000 1845.370000 1838.570000 1868.860000 1868.640000 1871.170000 1845.290000 1843.200000 1854.490000 1859.780000 1866.210000 1866.350000 1862.130000 1829.550000 1826.090000 1818.990000 1811.690000 1830.130000 1857.470000 1867.650000 1888.700000 1909.610000 1918.000000 1926.930000 1916.650000 1920.200000 1918.950000 1929.060000 1935.550000 1934.530000 1941.870000 1927.860000 1942.110000 1934.550000 1932.290000 1928.810000 1939.290000 1890.920000 1879.730000 1911.960000 1913.060000 1911.140000 1894.490000 1903.000000 1639.850000 1661.330000 1703.140000 }

clustering time: 0.101981

Silhouette: [2480.837158, -17662.375000, -109.699997, -6576.088867]
